999999999 1
1 99999
99999999 9999
555555 444
55515555 55555555
444444444 559555555
111111111 111111111
22222 1
54 45
716964576 891311232
844878074 403957642
272575786 937007240
17152011 448316401
630067469 491360530
297688937 771179794
80080742 650457302
772545618 889974716
813229698 573666604
981652811 472974397
21203349 732705503
726282769 646434228
363616051 551098311
258501644 948461744
456062182 338132811
76470332 917113438
474746882 410369562
143187059 305234529
927037352 253829092
409679842 841617565
372806257 523601179
460623392 580828934
33656989 71011848
436175939 712876262
186470691 506947558
605546724 228782107
385217592 230052251
968765278 835023221
201748481 291526229
3380409 691372326
557511427 81307980
379896754 437744982
314624343 519488442
63646515 703678041
237761366 350979111
787010226 487857982
568273399 140981361
286035242 204295954
751524078 292956680
40355140 622895065
204576738 586039393
237697579 439879561
381742309 714819725
70170085 757841649
901534169 246557762
273440600 275224171
197771148 47377222
89852104 492473221
452989351 751931784
126936268 84298647
620986420 921694829
105423736 343670811
648377902 228817259
327220524 816912219
778325911 870164654
134483259 710736129
108831035 551014545
366757721 887094016
213549067 835020939
22396463 924683195
235206117 801554593
831794851 658289916
544464915 912950257
362398019 490857429
83870904 731479769
777728806 884703362
997156399 147052453
753337469 103401139
413815893 273873949
1540265 44588629
64863916 767634478
459325042 712277682
7381327 657009665
379805989 22916987
368505744 494802939
85971378 659196983
155985776 16288742
680888679 925153521
469909352 935315866
750249771 288458973
260342616 59543088
574481710 937852879
434756240 447937270
291783034 203725560
560850335 38628900
12159834 768344338
70332487 593053389
783842634 28207383
797241750 637050155
204257544 525427285
799055725 142639886
25444626 59303209
420630989 456729807
783746915 56693760
952049067 132917607
937426796 639304518
273542905 208128368
185933731 530510060
377915365 977399490
270256126 595968622
419838827 136324625
142839251 557555404
723769949 781603946
8663656 556466538
73658411 211565553
480700762 272531379
129559559 47507018
622444314 322020469
984454013 657257787
779973972 880564456
361457804 978236856
260895605 284694414
869486425 644270294
76775679 776776801
613430438 834405693
18012596 953538315
835097482 401073415
934792915 706276508
2663227 972602837
781778221 292270353
574530329 314012121
60120631 113278769
110119572 186610676
291915561 958228385
110069702 76250067
285734802 140172351
927129612 569091318
734142220 86275053
48718035 100838939
582851559 389759805
789800553 910836819
198824386 595421406
351817272 771999862
793615307 790682528
167965701 694581885
799010253 502017607
387449456 574218686
202751435 930983248
912522485 806677356
261161906 825667715
942803325 130308946
817051029 670232761
587832804 78420187
160342686 697975505
98374699 12090601
954301154 37822663
925959446 386984656
829026307 526053677
906368950 820561618
342602775 524933625
0 0

